version https://git-lfs.github.com/spec/v1
oid sha256:dba3528962c56551e7db02192b35badbd23800e7d6553b12132ce9c7a31b2143
size 7395317
